[0]	[]	[0, 1, 0]	0
[0]	[0, 1, 0, 0]	[1, 2, 1]	0
[0]	[1, 2, 1, 0]	[2, 3, 1]	0
[0]	[2, 3, 1, 0]	[3, 4, 1]	0
[0]	[3, 4, 1, 0]	[4, 5, 1]	0
[0]	[4, 5, 1, 0]	[5, 6, 1]	0
[0]	[5, 6, 1, 0]	[6, 7, 1]	0
[0]	[6, 7, 1, 0]	[7, 8, 2]	0
[0]	[7, 8, 2, 0]	[8, 9, 3]	0
[0]	[8, 9, 3, 0]	[9, 10, 4]	0
[0, 1]	[9, 10, 4, 0]	[10, 1, 5]	1
[0, 1]	[10, 1, 5, 1]	[11, 2, 6]	0
[0, 1]	[11, 2, 6, 0]	[12, 3, 1]	0
[0, 1]	[12, 3, 1, 0]	[13, 4, 7]	0
[0, 1]	[13, 4, 7, 0]	[14, 5, 1]	0
[0, 1]	[14, 5, 1, 0]	[15, 6, 1]	0
[0, 1]	[15, 6, 1, 0]	[16, 7, 8]	0
[0, 1]	[16, 7, 8, 0]	[17, 8, 1]	0
[0, 1]	[17, 8, 1, 0]	[18, 9, 1]	0
[0, 1]	[18, 9, 1, 0]	[19, 10, 9]	0

[2]	[]	[20, 1, 10]	0
[2]	[20, 1, 10, 0]	[21, 2, 11]	1
[2]	[21, 2, 11, 1]	[22, 3, 12]	1
[2]	[22, 3, 12, 1]	[23, 4, 11]	1
[2]	[23, 4, 11, 1]	[24, 5, 7]	0
[2]	[24, 5, 7, 0]	[25, 6, 7]	0
[2]	[25, 6, 7, 0]	[26, 7, 13]	0
[2]	[26, 7, 13, 0]	[27, 8, 14]	0
[2]	[27, 8, 14, 0]	[28, 9, 7]	0
[2]	[28, 9, 7, 0]	[29, 10, 1]	0
[2, 3]	[29, 10, 1, 0]	[30, 1, 15]	0
[2, 3]	[30, 1, 15, 0]	[31, 2, 16]	0
[2, 3]	[31, 2, 16, 0]	[32, 3, 15]	1
[2, 3]	[32, 3, 15, 1]	[33, 4, 12]	1
[2, 3]	[33, 4, 12, 1]	[34, 5, 17]	0
[2, 3]	[34, 5, 17, 0]	[35, 6, 7]	0
[2, 3]	[35, 6, 7, 0]	[36, 7, 7]	0
[2, 3]	[36, 7, 7, 0]	[37, 8, 18]	0
[2, 3]	[37, 8, 18, 0]	[38, 9, 1]	0
[2, 3]	[38, 9, 1, 0]	[39, 10, 1]	0

[4]	[]	[40, 1, 5]	0
[4]	[40, 1, 5, 0]	[41, 2, 19]	0
[4]	[41, 2, 19, 0]	[42, 3, 20]	0
[4]	[42, 3, 20, 0]	[43, 4, 21]	0
[4]	[43, 4, 21, 0]	[44, 5, 1]	0
[4]	[44, 5, 1, 0]	[45, 6, 22]	0
[4]	[45, 6, 22, 0]	[46, 7, 23]	0
[4]	[46, 7, 23, 0]	[47, 8, 22]	0
[4]	[47, 8, 22, 0]	[48, 9, 24]	0
[4]	[48, 9, 24, 0]	[49, 10, 25]	0
[4, 5]	[49, 10, 25, 0]	[50, 1, 26]	1
[4, 5]	[50, 1, 26, 1]	[51, 2, 1]	0
[4, 5]	[51, 2, 1, 0]	[52, 3, 1]	0
[4, 5]	[52, 3, 1, 0]	[53, 4, 22]	0
[4, 5]	[53, 4, 22, 0]	[46, 5, 23]	0
[4, 5]	[46, 5, 23, 0]	[54, 6, 1]	0
[4, 5]	[54, 6, 1, 0]	[55, 7, 20]	0
[4, 5]	[55, 7, 20, 0]	[56, 8, 27]	0
[4, 5]	[56, 8, 27, 0]	[57, 9, 28]	0
[4, 5]	[57, 9, 28, 0]	[58, 10, 7]	0

[6]	[]	[59, 1, 20]	1
[6]	[59, 1, 20, 1]	[60, 2, 1]	0
[6]	[60, 2, 1, 0]	[61, 3, 7]	0
[6]	[61, 3, 7, 0]	[62, 4, 1]	0
[6]	[62, 4, 1, 0]	[63, 5, 29]	0
[6]	[63, 5, 29, 0]	[64, 6, 30]	0
[6]	[64, 6, 30, 0]	[65, 7, 31]	0
[6]	[65, 7, 31, 0]	[66, 8, 1]	0
[6]	[66, 8, 1, 0]	[67, 9, 30]	0
[6]	[67, 9, 30, 0]	[68, 10, 25]	0
[6, 6]	[68, 10, 25, 0]	[59, 1, 20]	1
[6, 6]	[59, 1, 20, 1]	[60, 2, 1]	0
[6, 6]	[60, 2, 1, 0]	[61, 3, 7]	0
[6, 6]	[61, 3, 7, 0]	[62, 4, 1]	0
[6, 6]	[62, 4, 1, 0]	[63, 5, 29]	0
[6, 6]	[63, 5, 29, 0]	[64, 6, 30]	0
[6, 6]	[64, 6, 30, 0]	[65, 7, 31]	0
[6, 6]	[65, 7, 31, 0]	[66, 8, 1]	0
[6, 6]	[66, 8, 1, 0]	[67, 9, 30]	0
[6, 6]	[67, 9, 30, 0]	[68, 10, 25]	0
[6, 6, 6]	[68, 10, 25, 0]	[59, 1, 20]	1
[6, 6, 6]	[59, 1, 20, 1]	[60, 2, 1]	0
[6, 6, 6]	[60, 2, 1, 0]	[61, 3, 7]	0
[6, 6, 6]	[61, 3, 7, 0]	[62, 4, 1]	0
[6, 6, 6]	[62, 4, 1, 0]	[63, 5, 29]	0
[6, 6, 6]	[63, 5, 29, 0]	[64, 6, 30]	0
[6, 6, 6]	[64, 6, 30, 0]	[65, 7, 31]	0
[6, 6, 6]	[65, 7, 31, 0]	[66, 8, 1]	0
[6, 6, 6]	[66, 8, 1, 0]	[67, 9, 30]	0
[6, 6, 6]	[67, 9, 30, 0]	[68, 10, 25]	0

[7]	[]	[69, 1, 20]	1
[7]	[69, 1, 20, 1]	[70, 2, 1]	0
[7]	[70, 2, 1, 0]	[71, 3, 1]	0
[7]	[71, 3, 1, 0]	[72, 4, 1]	0
[7]	[72, 4, 1, 0]	[73, 5, 1]	0
[7]	[73, 5, 1, 0]	[74, 6, 32]	0
[7]	[74, 6, 32, 0]	[75, 7, 1]	0
[7]	[75, 7, 1, 0]	[76, 8, 1]	0
[7]	[76, 8, 1, 0]	[77, 9, 1]	0
[7]	[77, 9, 1, 0]	[78, 10, 1]	0
[7, 7]	[78, 10, 1, 0]	[69, 1, 20]	1
[7, 7]	[69, 1, 20, 1]	[70, 2, 1]	0
[7, 7]	[70, 2, 1, 0]	[71, 3, 1]	0
[7, 7]	[71, 3, 1, 0]	[72, 4, 1]	0
[7, 7]	[72, 4, 1, 0]	[73, 5, 1]	0
[7, 7]	[73, 5, 1, 0]	[74, 6, 32]	0
[7, 7]	[74, 6, 32, 0]	[75, 7, 1]	0
[7, 7]	[75, 7, 1, 0]	[76, 8, 1]	0
[7, 7]	[76, 8, 1, 0]	[77, 9, 1]	0
[7, 7]	[77, 9, 1, 0]	[78, 10, 1]	0

[8]	[]	[79, 1, 33]	0
[8]	[79, 1, 33, 0]	[80, 2, 34]	0
[8]	[80, 2, 34, 0]	[81, 3, 35]	0
[8]	[81, 3, 35, 0]	[82, 4, 36]	0
[8]	[82, 4, 36, 0]	[83, 5, 35]	0
[8]	[83, 5, 35, 0]	[84, 6, 37]	0
[8]	[84, 6, 37, 0]	[85, 7, 37]	0
[8]	[85, 7, 37, 0]	[46, 8, 38]	0
[8]	[46, 8, 38, 0]	[86, 9, 39]	0
[8]	[86, 9, 39, 0]	[87, 10, 35]	0
[8, 9]	[87, 10, 35, 0]	[88, 1, 5]	1
[8, 9]	[88, 1, 5, 1]	[89, 2, 40]	0
[8, 9]	[89, 2, 40, 0]	[90, 3, 1]	0
[8, 9]	[90, 3, 1, 0]	[91, 4, 1]	0
[8, 9]	[91, 4, 1, 0]	[92, 5, 41]	0
[8, 9]	[92, 5, 41, 0]	[93, 6, 1]	0
[8, 9]	[93, 6, 1, 0]	[94, 7, 1]	0
[8, 9]	[94, 7, 1, 0]	[46, 8, 42]	0
[8, 9]	[46, 8, 42, 0]	[46, 9, 23]	0
[8, 9]	[46, 9, 23, 0]	[95, 10, 9]	0

[10]	[]	[96, 1, 26]	1
[10]	[96, 1, 26, 1]	[97, 2, 9]	0
[10]	[97, 2, 9, 0]	[98, 3, 43]	0
[10]	[98, 3, 43, 0]	[99, 4, 21]	0
[10]	[99, 4, 21, 0]	[100, 5, 1]	0
[10]	[100, 5, 1, 0]	[46, 6, 23]	0
[10]	[46, 6, 23, 0]	[101, 7, 1]	0
[10]	[101, 7, 1, 0]	[102, 8, 1]	0
[10]	[102, 8, 1, 0]	[103, 9, 44]	0
[10]	[103, 9, 44, 0]	[104, 10, 1]	0
[10, 5]	[104, 10, 1, 0]	[50, 1, 26]	1
[10, 5]	[50, 1, 26, 1]	[51, 2, 1]	0
[10, 5]	[51, 2, 1, 0]	[52, 3, 1]	0
[10, 5]	[52, 3, 1, 0]	[105, 4, 45]	0
[10, 5]	[105, 4, 45, 0]	[53, 5, 22]	0
[10, 5]	[53, 5, 22, 0]	[46, 6, 23]	0
[10, 5]	[46, 6, 23, 0]	[56, 7, 27]	0
[10, 5]	[56, 7, 27, 0]	[54, 8, 1]	0
[10, 5]	[54, 8, 1, 0]	[57, 9, 28]	0
[10, 5]	[57, 9, 28, 0]	[58, 10, 7]	0
[10, 5, 5]	[58, 10, 7, 0]	[50, 1, 26]	1
[10, 5, 5]	[50, 1, 26, 1]	[51, 2, 1]	0
[10, 5, 5]	[51, 2, 1, 0]	[52, 3, 1]	0
[10, 5, 5]	[52, 3, 1, 0]	[53, 4, 22]	0
[10, 5, 5]	[53, 4, 22, 0]	[105, 5, 45]	0
[10, 5, 5]	[105, 5, 45, 0]	[46, 6, 23]	0
[10, 5, 5]	[46, 6, 23, 0]	[56, 7, 27]	0
[10, 5, 5]	[56, 7, 27, 0]	[54, 8, 1]	0
[10, 5, 5]	[54, 8, 1, 0]	[57, 9, 28]	0
[10, 5, 5]	[57, 9, 28, 0]	[58, 10, 7]	0

[11]	[]	[106, 1, 46]	0
[11]	[106, 1, 46, 0]	[107, 2, 47]	0
[11]	[107, 2, 47, 0]	[108, 3, 48]	1
[11]	[108, 3, 48, 1]	[109, 4, 49]	0
[11]	[109, 4, 49, 0]	[110, 5, 29]	0
[11]	[110, 5, 29, 0]	[46, 6, 23]	0
[11]	[46, 6, 23, 0]	[111, 7, 50]	0
[11]	[111, 7, 50, 0]	[112, 8, 51]	0
[11]	[112, 8, 51, 0]	[113, 9, 52]	0
[11]	[113, 9, 52, 0]	[114, 10, 1]	0
[11, 12]	[114, 10, 1, 0]	[114, 1, 1]	1
[11, 12]	[114, 1, 1, 1]	[106, 2, 46]	0
[11, 12]	[106, 2, 46, 0]	[109, 3, 49]	0
[11, 12]	[109, 3, 49, 0]	[115, 4, 53]	0
[11, 12]	[115, 4, 53, 0]	[116, 5, 1]	0
[11, 12]	[116, 5, 1, 0]	[117, 6, 7]	0
[11, 12]	[117, 6, 7, 0]	[118, 7, 1]	0
[11, 12]	[118, 7, 1, 0]	[119, 8, 1]	0
[11, 12]	[119, 8, 1, 0]	[112, 9, 51]	0
[11, 12]	[112, 9, 51, 0]	[120, 10, 7]	0

[13]	[]	[50, 1, 26]	1
[13]	[50, 1, 26, 1]	[51, 2, 1]	1
[13]	[51, 2, 1, 1]	[121, 3, 1]	0
[13]	[121, 3, 1, 0]	[105, 4, 45]	0
[13]	[105, 4, 45, 0]	[122, 5, 54]	0
[13]	[122, 5, 54, 0]	[46, 6, 55]	0
[13]	[46, 6, 55, 0]	[123, 7, 56]	0
[13]	[123, 7, 56, 0]	[57, 8, 28]	0
[13]	[57, 8, 28, 0]	[53, 9, 56]	0
[13]	[53, 9, 56, 0]	[124, 10, 57]	0
[13, 5]	[124, 10, 57, 0]	[50, 1, 26]	1
[13, 5]	[50, 1, 26, 1]	[51, 2, 1]	0
[13, 5]	[51, 2, 1, 0]	[52, 3, 1]	0
[13, 5]	[52, 3, 1, 0]	[53, 4, 56]	0
[13, 5]	[53, 4, 56, 0]	[54, 5, 1]	0
[13, 5]	[54, 5, 1, 0]	[46, 6, 55]	0
[13, 5]	[46, 6, 55, 0]	[55, 7, 20]	0
[13, 5]	[55, 7, 20, 0]	[56, 8, 58]	0
[13, 5]	[56, 8, 58, 0]	[58, 9, 7]	0
[13, 5]	[58, 9, 7, 0]	[125, 10, 1]	0

[14]	[]	[126, 1, 59]	1
[14]	[126, 1, 59, 1]	[127, 2, 29]	0
[14]	[127, 2, 29, 0]	[128, 3, 60]	0
[14]	[128, 3, 60, 0]	[129, 4, 7]	0
[14]	[129, 4, 7, 0]	[130, 5, 61]	0
[14]	[130, 5, 61, 0]	[131, 6, 62]	0
[14]	[131, 6, 62, 0]	[132, 7, 7]	0
[14]	[132, 7, 7, 0]	[133, 8, 1]	0
[14]	[133, 8, 1, 0]	[134, 9, 1]	0
[14]	[134, 9, 1, 0]	[135, 10, 1]	0
[14, 15]	[135, 10, 1, 0]	[136, 1, 63]	1
[14, 15]	[136, 1, 63, 1]	[137, 2, 1]	0
[14, 15]	[137, 2, 1, 0]	[138, 3, 1]	0
[14, 15]	[138, 3, 1, 0]	[139, 4, 1]	0
[14, 15]	[139, 4, 1, 0]	[140, 5, 1]	0
[14, 15]	[140, 5, 1, 0]	[141, 6, 64]	0
[14, 15]	[141, 6, 64, 0]	[142, 7, 64]	0
[14, 15]	[142, 7, 64, 0]	[143, 8, 20]	0
[14, 15]	[143, 8, 20, 0]	[144, 9, 1]	0
[14, 15]	[144, 9, 1, 0]	[145, 10, 1]	0

[16]	[]	[146, 1, 26]	1
[16]	[146, 1, 26, 1]	[147, 2, 1]	0
[16]	[147, 2, 1, 0]	[148, 3, 1]	0
[16]	[148, 3, 1, 0]	[149, 4, 65]	0
[16]	[149, 4, 65, 0]	[150, 5, 1]	0
[16]	[150, 5, 1, 0]	[151, 6, 66]	0
[16]	[151, 6, 66, 0]	[46, 7, 67]	0
[16]	[46, 7, 67, 0]	[152, 8, 68]	0
[16]	[152, 8, 68, 0]	[46, 9, 55]	0
[16]	[46, 9, 55, 0]	[153, 10, 68]	0
[16, 17]	[153, 10, 68, 0]	[146, 1, 69]	0
[16, 17]	[146, 1, 69, 0]	[154, 2, 1]	0
[16, 17]	[154, 2, 1, 0]	[155, 3, 1]	1
[16, 17]	[155, 3, 1, 1]	[156, 4, 1]	0
[16, 17]	[156, 4, 1, 0]	[150, 5, 1]	0
[16, 17]	[150, 5, 1, 0]	[157, 6, 1]	0
[16, 17]	[157, 6, 1, 0]	[158, 7, 70]	0
[16, 17]	[158, 7, 70, 0]	[159, 8, 1]	0
[16, 17]	[159, 8, 1, 0]	[160, 9, 71]	0
[16, 17]	[160, 9, 71, 0]	[161, 10, 70]	0
[16, 17, 18]	[161, 10, 70, 0]	[146, 1, 69]	1
[16, 17, 18]	[146, 1, 69, 1]	[150, 2, 1]	0
[16, 17, 18]	[150, 2, 1, 0]	[155, 3, 1]	0
[16, 17, 18]	[155, 3, 1, 0]	[162, 4, 7]	0
[16, 17, 18]	[162, 4, 7, 0]	[163, 5, 72]	0
[16, 17, 18]	[163, 5, 72, 0]	[164, 6, 64]	0
[16, 17, 18]	[164, 6, 64, 0]	[165, 7, 25]	0
[16, 17, 18]	[165, 7, 25, 0]	[166, 8, 1]	0
[16, 17, 18]	[166, 8, 1, 0]	[167, 9, 1]	0
[16, 17, 18]	[167, 9, 1, 0]	[168, 10, 70]	0

[19]	[]	[169, 1, 37]	0
[19]	[169, 1, 37, 0]	[170, 2, 1]	0
[19]	[170, 2, 1, 0]	[171, 3, 20]	0
[19]	[171, 3, 20, 0]	[172, 4, 1]	0
[19]	[172, 4, 1, 0]	[173, 5, 1]	0
[19]	[173, 5, 1, 0]	[174, 6, 1]	0
[19]	[174, 6, 1, 0]	[175, 7, 1]	0
[19]	[175, 7, 1, 0]	[176, 8, 1]	0
[19]	[176, 8, 1, 0]	[177, 9, 1]	0
[19]	[177, 9, 1, 0]	[178, 10, 1]	0
[19, 19]	[178, 10, 1, 0]	[169, 1, 37]	0
[19, 19]	[169, 1, 37, 0]	[170, 2, 1]	0
[19, 19]	[170, 2, 1, 0]	[171, 3, 20]	0
[19, 19]	[171, 3, 20, 0]	[172, 4, 1]	0
[19, 19]	[172, 4, 1, 0]	[173, 5, 1]	0
[19, 19]	[173, 5, 1, 0]	[174, 6, 1]	0
[19, 19]	[174, 6, 1, 0]	[175, 7, 1]	0
[19, 19]	[175, 7, 1, 0]	[176, 8, 1]	0
[19, 19]	[176, 8, 1, 0]	[177, 9, 1]	0
[19, 19]	[177, 9, 1, 0]	[178, 10, 1]	0
[19, 19, 19]	[178, 10, 1, 0]	[169, 1, 37]	0
[19, 19, 19]	[169, 1, 37, 0]	[170, 2, 1]	0
[19, 19, 19]	[170, 2, 1, 0]	[171, 3, 20]	0
[19, 19, 19]	[171, 3, 20, 0]	[172, 4, 1]	0
[19, 19, 19]	[172, 4, 1, 0]	[173, 5, 1]	0
[19, 19, 19]	[173, 5, 1, 0]	[176, 6, 1]	0
[19, 19, 19]	[176, 6, 1, 0]	[175, 7, 1]	0
[19, 19, 19]	[175, 7, 1, 0]	[178, 8, 1]	0
[19, 19, 19]	[178, 8, 1, 0]	[179, 9, 20]	0
[19, 19, 19]	[179, 9, 20, 0]	[177, 10, 1]	1

[20]	[]	[180, 1, 69]	1
[20]	[180, 1, 69, 1]	[181, 2, 20]	1
[20]	[181, 2, 20, 1]	[182, 3, 45]	0
[20]	[182, 3, 45, 0]	[183, 4, 1]	0
[20]	[183, 4, 1, 0]	[184, 5, 73]	0
[20]	[184, 5, 73, 0]	[185, 6, 1]	0
[20]	[185, 6, 1, 0]	[46, 7, 55]	0
[20]	[46, 7, 55, 0]	[186, 8, 20]	0
[20]	[186, 8, 20, 0]	[187, 9, 74]	0
[20]	[187, 9, 74, 0]	[188, 10, 75]	0
[20, 21]	[188, 10, 75, 0]	[180, 1, 69]	1
[20, 21]	[180, 1, 69, 1]	[189, 2, 76]	0
[20, 21]	[189, 2, 76, 0]	[184, 3, 73]	0
[20, 21]	[184, 3, 73, 0]	[182, 4, 45]	0
[20, 21]	[182, 4, 45, 0]	[190, 5, 7]	0
[20, 21]	[190, 5, 7, 0]	[181, 6, 20]	0
[20, 21]	[181, 6, 20, 0]	[46, 7, 55]	0
[20, 21]	[46, 7, 55, 0]	[183, 8, 1]	0
[20, 21]	[183, 8, 1, 0]	[191, 9, 1]	0
[20, 21]	[191, 9, 1, 0]	[192, 10, 1]	0
[20, 21, 13]	[192, 10, 1, 0]	[50, 1, 26]	1
[20, 21, 13]	[50, 1, 26, 1]	[51, 2, 1]	0
[20, 21, 13]	[51, 2, 1, 0]	[121, 3, 1]	0
[20, 21, 13]	[121, 3, 1, 0]	[105, 4, 45]	0
[20, 21, 13]	[105, 4, 45, 0]	[122, 5, 54]	0
[20, 21, 13]	[122, 5, 54, 0]	[46, 6, 55]	0
[20, 21, 13]	[46, 6, 55, 0]	[123, 7, 56]	0
[20, 21, 13]	[123, 7, 56, 0]	[57, 8, 28]	0
[20, 21, 13]	[57, 8, 28, 0]	[124, 9, 57]	0
[20, 21, 13]	[124, 9, 57, 0]	[53, 10, 56]	0

[22]	[]	[193, 1, 26]	1
[22]	[193, 1, 26, 1]	[194, 2, 77]	0
[22]	[194, 2, 77, 0]	[195, 3, 41]	0
[22]	[195, 3, 41, 0]	[196, 4, 49]	0
[22]	[196, 4, 49, 0]	[197, 5, 1]	0
[22]	[197, 5, 1, 0]	[198, 6, 1]	0
[22]	[198, 6, 1, 0]	[199, 7, 1]	0
[22]	[199, 7, 1, 0]	[46, 8, 78]	0
[22]	[46, 8, 78, 0]	[200, 9, 79]	0
[22]	[200, 9, 79, 0]	[201, 10, 61]	0
[22, 23]	[201, 10, 61, 0]	[202, 1, 80]	1
[22, 23]	[202, 1, 80, 1]	[203, 2, 7]	1
[22, 23]	[203, 2, 7, 1]	[204, 3, 1]	0
[22, 23]	[204, 3, 1, 0]	[205, 4, 81]	0
[22, 23]	[205, 4, 81, 0]	[206, 5, 7]	0
[22, 23]	[206, 5, 7, 0]	[207, 6, 30]	0
[22, 23]	[207, 6, 30, 0]	[208, 7, 30]	0
[22, 23]	[208, 7, 30, 0]	[209, 8, 1]	0
[22, 23]	[209, 8, 1, 0]	[210, 9, 1]	0
[22, 23]	[210, 9, 1, 0]	[211, 10, 82]	0

[24]	[]	[212, 1, 83]	1
[24]	[212, 1, 83, 1]	[213, 2, 50]	0
[24]	[213, 2, 50, 0]	[214, 3, 84]	1
[24]	[214, 3, 84, 1]	[215, 4, 85]	0
[24]	[215, 4, 85, 0]	[216, 5, 84]	0
[24]	[216, 5, 84, 0]	[46, 6, 55]	0
[24]	[46, 6, 55, 0]	[46, 7, 86]	0
[24]	[46, 7, 86, 0]	[217, 8, 1]	0
[24]	[217, 8, 1, 0]	[218, 9, 79]	0
[24]	[218, 9, 79, 0]	[219, 10, 87]	0
[24, 25]	[219, 10, 87, 0]	[220, 1, 88]	0
[24, 25]	[220, 1, 88, 0]	[214, 2, 84]	0
[24, 25]	[214, 2, 84, 0]	[221, 3, 50]	0
[24, 25]	[221, 3, 50, 0]	[222, 4, 50]	0
[24, 25]	[222, 4, 50, 0]	[223, 5, 7]	0
[24, 25]	[223, 5, 7, 0]	[46, 6, 55]	0
[24, 25]	[46, 6, 55, 0]	[224, 7, 89]	0
[24, 25]	[224, 7, 89, 0]	[225, 8, 7]	0
[24, 25]	[225, 8, 7, 0]	[226, 9, 90]	0
[24, 25]	[226, 9, 90, 0]	[227, 10, 7]	0
[24, 25, 25]	[227, 10, 7, 0]	[220, 1, 88]	0
[24, 25, 25]	[220, 1, 88, 0]	[214, 2, 84]	1
[24, 25, 25]	[214, 2, 84, 1]	[221, 3, 50]	0
[24, 25, 25]	[221, 3, 50, 0]	[222, 4, 50]	1
[24, 25, 25]	[222, 4, 50, 1]	[223, 5, 7]	0
[24, 25, 25]	[223, 5, 7, 0]	[46, 6, 55]	0
[24, 25, 25]	[46, 6, 55, 0]	[224, 7, 89]	0
[24, 25, 25]	[224, 7, 89, 0]	[225, 8, 7]	0
[24, 25, 25]	[225, 8, 7, 0]	[226, 9, 90]	0
[24, 25, 25]	[226, 9, 90, 0]	[227, 10, 7]	0

[26]	[]	[228, 1, 91]	0
[26]	[228, 1, 91, 0]	[229, 2, 1]	1
[26]	[229, 2, 1, 1]	[230, 3, 1]	0
[26]	[230, 3, 1, 0]	[231, 4, 1]	0
[26]	[231, 4, 1, 0]	[232, 5, 91]	0
[26]	[232, 5, 91, 0]	[233, 6, 0]	0
[26]	[233, 6, 0, 0]	[234, 7, 91]	0
[26]	[234, 7, 91, 0]	[235, 8, 1]	0
[26]	[235, 8, 1, 0]	[236, 9, 1]	0
[26]	[236, 9, 1, 0]	[237, 10, 1]	0
[26, 26]	[237, 10, 1, 0]	[228, 1, 91]	0
[26, 26]	[228, 1, 91, 0]	[229, 2, 1]	0
[26, 26]	[229, 2, 1, 0]	[230, 3, 1]	0
[26, 26]	[230, 3, 1, 0]	[231, 4, 1]	1
[26, 26]	[231, 4, 1, 1]	[232, 5, 91]	0
[26, 26]	[232, 5, 91, 0]	[233, 6, 0]	0
[26, 26]	[233, 6, 0, 0]	[234, 7, 91]	0
[26, 26]	[234, 7, 91, 0]	[235, 8, 1]	0
[26, 26]	[235, 8, 1, 0]	[236, 9, 1]	0
[26, 26]	[236, 9, 1, 0]	[237, 10, 1]	0

[21]	[]	[180, 1, 69]	1
[21]	[180, 1, 69, 1]	[189, 2, 76]	0
[21]	[189, 2, 76, 0]	[184, 3, 73]	0
[21]	[184, 3, 73, 0]	[182, 4, 45]	0
[21]	[182, 4, 45, 0]	[190, 5, 29]	0
[21]	[190, 5, 29, 0]	[181, 6, 20]	0
[21]	[181, 6, 20, 0]	[46, 7, 55]	0
[21]	[46, 7, 55, 0]	[183, 8, 1]	0
[21]	[183, 8, 1, 0]	[191, 9, 1]	0
[21]	[191, 9, 1, 0]	[192, 10, 1]	0
[21, 27]	[192, 10, 1, 0]	[238, 1, 1]	1
[21, 27]	[238, 1, 1, 1]	[239, 2, 74]	0
[21, 27]	[239, 2, 74, 0]	[240, 3, 20]	0
[21, 27]	[240, 3, 20, 0]	[241, 4, 92]	0
[21, 27]	[241, 4, 92, 0]	[242, 5, 29]	0
[21, 27]	[242, 5, 29, 0]	[243, 6, 19]	0
[21, 27]	[243, 6, 19, 0]	[244, 7, 93]	0
[21, 27]	[244, 7, 93, 0]	[245, 8, 25]	0
[21, 27]	[245, 8, 25, 0]	[246, 9, 7]	0
[21, 27]	[246, 9, 7, 0]	[247, 10, 1]	0
[21, 27, 27]	[247, 10, 1, 0]	[238, 1, 37]	0
[21, 27, 27]	[238, 1, 37, 0]	[239, 2, 37]	0
[21, 27, 27]	[239, 2, 37, 0]	[240, 3, 37]	0
[21, 27, 27]	[240, 3, 37, 0]	[241, 4, 94]	0
[21, 27, 27]	[241, 4, 94, 0]	[242, 5, 95]	0
[21, 27, 27]	[242, 5, 95, 0]	[243, 6, 37]	0
[21, 27, 27]	[243, 6, 37, 0]	[244, 7, 96]	0
[21, 27, 27]	[244, 7, 96, 0]	[245, 8, 96]	0
[21, 27, 27]	[245, 8, 96, 0]	[246, 9, 95]	0
[21, 27, 27]	[246, 9, 95, 0]	[247, 10, 37]	0
[21, 27, 27, 28]	[247, 10, 37, 0]	[248, 1, 1]	1
[21, 27, 27, 28]	[248, 1, 1, 1]	[239, 2, 74]	0
[21, 27, 27, 28]	[239, 2, 74, 0]	[249, 3, 97]	0
[21, 27, 27, 28]	[249, 3, 97, 0]	[244, 4, 93]	0
[21, 27, 27, 28]	[244, 4, 93, 0]	[250, 5, 74]	0
[21, 27, 27, 28]	[250, 5, 74, 0]	[245, 6, 25]	0
[21, 27, 27, 28]	[245, 6, 25, 0]	[246, 7, 7]	0
[21, 27, 27, 28]	[246, 7, 7, 0]	[251, 8, 7]	0
[21, 27, 27, 28]	[251, 8, 7, 0]	[252, 9, 1]	0
[21, 27, 27, 28]	[252, 9, 1, 0]	[253, 10, 7]	0

[29]	[]	[254, 1, 1]	0
[29]	[254, 1, 1, 0]	[255, 2, 74]	0
[29]	[255, 2, 74, 0]	[256, 3, 98]	0
[29]	[256, 3, 98, 0]	[257, 4, 1]	0
[29]	[257, 4, 1, 0]	[258, 5, 29]	0
[29]	[258, 5, 29, 0]	[259, 6, 99]	0
[29]	[259, 6, 99, 0]	[260, 7, 29]	0
[29]	[260, 7, 29, 0]	[261, 8, 29]	0
[29]	[261, 8, 29, 0]	[262, 9, 29]	0
[29]	[262, 9, 29, 0]	[263, 10, 82]	0
[29, 29]	[263, 10, 82, 0]	[254, 1, 1]	1
[29, 29]	[254, 1, 1, 1]	[255, 2, 74]	1
[29, 29]	[255, 2, 74, 1]	[256, 3, 98]	0
[29, 29]	[256, 3, 98, 0]	[257, 4, 1]	0
[29, 29]	[257, 4, 1, 0]	[258, 5, 29]	0
[29, 29]	[258, 5, 29, 0]	[259, 6, 99]	0
[29, 29]	[259, 6, 99, 0]	[260, 7, 29]	0
[29, 29]	[260, 7, 29, 0]	[261, 8, 29]	0
[29, 29]	[261, 8, 29, 0]	[262, 9, 29]	0
[29, 29]	[262, 9, 29, 0]	[263, 10, 82]	0

[30]	[]	[264, 1, 69]	0
[30]	[264, 1, 69, 0]	[265, 2, 100]	0
[30]	[265, 2, 100, 0]	[266, 3, 1]	0
[30]	[266, 3, 1, 0]	[267, 4, 26]	0
[30]	[267, 4, 26, 0]	[268, 5, 1]	0
[30]	[268, 5, 1, 0]	[269, 6, 1]	0
[30]	[269, 6, 1, 0]	[270, 7, 56]	0
[30]	[270, 7, 56, 0]	[271, 8, 1]	0
[30]	[271, 8, 1, 0]	[272, 9, 1]	0
[30]	[272, 9, 1, 0]	[273, 10, 1]	0
[30, 30]	[273, 10, 1, 0]	[264, 1, 69]	1
[30, 30]	[264, 1, 69, 1]	[265, 2, 100]	0
[30, 30]	[265, 2, 100, 0]	[266, 3, 1]	0
[30, 30]	[266, 3, 1, 0]	[267, 4, 26]	0
[30, 30]	[267, 4, 26, 0]	[268, 5, 1]	0
[30, 30]	[268, 5, 1, 0]	[269, 6, 1]	0
[30, 30]	[269, 6, 1, 0]	[270, 7, 56]	0
[30, 30]	[270, 7, 56, 0]	[271, 8, 1]	0
[30, 30]	[271, 8, 1, 0]	[272, 9, 1]	0
[30, 30]	[272, 9, 1, 0]	[273, 10, 1]	0

[31]	[]	[274, 1, 1]	0
[31]	[274, 1, 1, 0]	[275, 2, 75]	0
[31]	[275, 2, 75, 0]	[276, 3, 75]	0
[31]	[276, 3, 75, 0]	[277, 4, 101]	0
[31]	[277, 4, 101, 0]	[278, 5, 75]	0
[31]	[278, 5, 75, 0]	[279, 6, 1]	0
[31]	[279, 6, 1, 0]	[280, 7, 1]	0
[31]	[280, 7, 1, 0]	[281, 8, 29]	0
[31]	[281, 8, 29, 0]	[282, 9, 29]	0
[31]	[282, 9, 29, 0]	[283, 10, 75]	0
[31, 31]	[283, 10, 75, 0]	[274, 1, 1]	0
[31, 31]	[274, 1, 1, 0]	[275, 2, 75]	1
[31, 31]	[275, 2, 75, 1]	[276, 3, 75]	0
[31, 31]	[276, 3, 75, 0]	[277, 4, 101]	0
[31, 31]	[277, 4, 101, 0]	[278, 5, 75]	0
[31, 31]	[278, 5, 75, 0]	[279, 6, 1]	0
[31, 31]	[279, 6, 1, 0]	[280, 7, 1]	0
[31, 31]	[280, 7, 1, 0]	[281, 8, 29]	0
[31, 31]	[281, 8, 29, 0]	[282, 9, 7]	0
[31, 31]	[282, 9, 7, 0]	[283, 10, 75]	0

[32]	[]	[284, 1, 102]	1
[32]	[284, 1, 102, 1]	[285, 2, 26]	0
[32]	[285, 2, 26, 0]	[286, 3, 7]	0
[32]	[286, 3, 7, 0]	[287, 4, 1]	0
[32]	[287, 4, 1, 0]	[288, 5, 103]	0
[32]	[288, 5, 103, 0]	[289, 6, 104]	0
[32]	[289, 6, 104, 0]	[290, 7, 75]	0
[32]	[290, 7, 75, 0]	[291, 8, 75]	0
[32]	[291, 8, 75, 0]	[292, 9, 1]	0
[32]	[292, 9, 1, 0]	[293, 10, 7]	0
[32, 33]	[293, 10, 7, 0]	[294, 1, 1]	1
[32, 33]	[294, 1, 1, 1]	[295, 2, 26]	0
[32, 33]	[295, 2, 26, 0]	[296, 3, 9]	0
[32, 33]	[296, 3, 9, 0]	[297, 4, 22]	0
[32, 33]	[297, 4, 22, 0]	[298, 5, 1]	0
[32, 33]	[298, 5, 1, 0]	[299, 6, 1]	0
[32, 33]	[299, 6, 1, 0]	[300, 7, 22]	0
[32, 33]	[300, 7, 22, 0]	[301, 8, 7]	0
[32, 33]	[301, 8, 7, 0]	[302, 9, 9]	0
[32, 33]	[302, 9, 9, 0]	[303, 10, 1]	0
[32, 33, 33]	[303, 10, 1, 0]	[294, 1, 1]	1
[32, 33, 33]	[294, 1, 1, 1]	[295, 2, 26]	1
[32, 33, 33]	[295, 2, 26, 1]	[296, 3, 9]	0
[32, 33, 33]	[296, 3, 9, 0]	[297, 4, 22]	0
[32, 33, 33]	[297, 4, 22, 0]	[298, 5, 1]	0
[32, 33, 33]	[298, 5, 1, 0]	[299, 6, 1]	0
[32, 33, 33]	[299, 6, 1, 0]	[300, 7, 22]	0
[32, 33, 33]	[300, 7, 22, 0]	[301, 8, 7]	0
[32, 33, 33]	[301, 8, 7, 0]	[302, 9, 9]	0
[32, 33, 33]	[302, 9, 9, 0]	[303, 10, 1]	0

[34]	[]	[304, 1, 105]	1
[34]	[304, 1, 105, 1]	[305, 2, 106]	0
[34]	[305, 2, 106, 0]	[306, 3, 1]	0
[34]	[306, 3, 1, 0]	[307, 4, 107]	0
[34]	[307, 4, 107, 0]	[308, 5, 41]	0
[34]	[308, 5, 41, 0]	[309, 6, 51]	0
[34]	[309, 6, 51, 0]	[46, 7, 108]	0
[34]	[46, 7, 108, 0]	[310, 8, 29]	0
[34]	[310, 8, 29, 0]	[311, 9, 29]	0
[34]	[311, 9, 29, 0]	[46, 10, 55]	0
[34, 35]	[46, 10, 55, 0]	[312, 1, 109]	1
[34, 35]	[312, 1, 109, 1]	[313, 2, 109]	0
[34, 35]	[313, 2, 109, 0]	[314, 3, 1]	0
[34, 35]	[314, 3, 1, 0]	[315, 4, 29]	0
[34, 35]	[315, 4, 29, 0]	[316, 5, 1]	0
[34, 35]	[316, 5, 1, 0]	[317, 6, 110]	0
[34, 35]	[317, 6, 110, 0]	[318, 7, 109]	0
[34, 35]	[318, 7, 109, 0]	[319, 8, 7]	0
[34, 35]	[319, 8, 7, 0]	[320, 9, 20]	0
[34, 35]	[320, 9, 20, 0]	[321, 10, 7]	0
[34, 35, 35]	[321, 10, 7, 0]	[312, 1, 109]	1
[34, 35, 35]	[312, 1, 109, 1]	[313, 2, 109]	0
[34, 35, 35]	[313, 2, 109, 0]	[314, 3, 1]	0
[34, 35, 35]	[314, 3, 1, 0]	[316, 4, 1]	0
[34, 35, 35]	[316, 4, 1, 0]	[319, 5, 7]	0
[34, 35, 35]	[319, 5, 7, 0]	[320, 6, 20]	0
[34, 35, 35]	[320, 6, 20, 0]	[317, 7, 110]	0
[34, 35, 35]	[317, 7, 110, 0]	[318, 8, 109]	0
[34, 35, 35]	[318, 8, 109, 0]	[322, 9, 1]	0
[34, 35, 35]	[322, 9, 1, 0]	[321, 10, 7]	0

[36]	[]	[323, 1, 111]	1
[36]	[323, 1, 111, 1]	[324, 2, 79]	0
[36]	[324, 2, 79, 0]	[325, 3, 112]	0
[36]	[325, 3, 112, 0]	[326, 4, 113]	0
[36]	[326, 4, 113, 0]	[327, 5, 113]	0
[36]	[327, 5, 113, 0]	[46, 6, 23]	0
[36]	[46, 6, 23, 0]	[328, 7, 1]	0
[36]	[328, 7, 1, 0]	[329, 8, 29]	0
[36]	[329, 8, 29, 0]	[330, 9, 114]	0
[36]	[330, 9, 114, 0]	[331, 10, 1]	0
[36, 36]	[331, 10, 1, 0]	[323, 1, 111]	1
[36, 36]	[323, 1, 111, 1]	[324, 2, 79]	0
[36, 36]	[324, 2, 79, 0]	[325, 3, 112]	0
[36, 36]	[325, 3, 112, 0]	[326, 4, 113]	0
[36, 36]	[326, 4, 113, 0]	[327, 5, 113]	0
[36, 36]	[327, 5, 113, 0]	[46, 6, 23]	0
[36, 36]	[46, 6, 23, 0]	[328, 7, 1]	0
[36, 36]	[328, 7, 1, 0]	[329, 8, 29]	0
[36, 36]	[329, 8, 29, 0]	[330, 9, 114]	0
[36, 36]	[330, 9, 114, 0]	[331, 10, 1]	0

[37]	[]	[332, 1, 115]	0
[37]	[332, 1, 115, 0]	[333, 2, 68]	0
[37]	[333, 2, 68, 0]	[334, 3, 116]	0
[37]	[334, 3, 116, 0]	[335, 4, 117]	0
[37]	[335, 4, 117, 0]	[336, 5, 118]	0
[37]	[336, 5, 118, 0]	[337, 6, 119]	0
[37]	[337, 6, 119, 0]	[338, 7, 20]	0
[37]	[338, 7, 20, 0]	[46, 8, 120]	0
[37]	[46, 8, 120, 0]	[339, 9, 50]	0
[37]	[339, 9, 50, 0]	[340, 10, 1]	0
[37, 38]	[340, 10, 1, 0]	[341, 1, 7]	1
[37, 38]	[341, 1, 7, 1]	[342, 2, 121]	0
[37, 38]	[342, 2, 121, 0]	[343, 3, 122]	0
[37, 38]	[343, 3, 122, 0]	[344, 4, 1]	0
[37, 38]	[344, 4, 1, 0]	[345, 5, 1]	0
[37, 38]	[345, 5, 1, 0]	[346, 6, 1]	0
[37, 38]	[346, 6, 1, 0]	[347, 7, 1]	0
[37, 38]	[347, 7, 1, 0]	[348, 8, 1]	0
[37, 38]	[348, 8, 1, 0]	[349, 9, 1]	0
[37, 38]	[349, 9, 1, 0]	[350, 10, 29]	0

[39]	[]	[351, 1, 1]	0
[39]	[351, 1, 1, 0]	[352, 2, 1]	0
[39]	[352, 2, 1, 0]	[353, 3, 1]	1
[39]	[353, 3, 1, 1]	[354, 4, 1]	0
[39]	[354, 4, 1, 0]	[355, 5, 1]	0
[39]	[355, 5, 1, 0]	[356, 6, 123]	0
[39]	[356, 6, 123, 0]	[357, 7, 1]	0
[39]	[357, 7, 1, 0]	[358, 8, 1]	0
[39]	[358, 8, 1, 0]	[359, 9, 7]	0
[39]	[359, 9, 7, 0]	[360, 10, 124]	0
[39, 40]	[360, 10, 124, 0]	[361, 1, 1]	0
[39, 40]	[361, 1, 1, 0]	[362, 2, 125]	0
[39, 40]	[362, 2, 125, 0]	[363, 3, 1]	0
[39, 40]	[363, 3, 1, 0]	[364, 4, 1]	1
[39, 40]	[364, 4, 1, 1]	[365, 5, 1]	0
[39, 40]	[365, 5, 1, 0]	[366, 6, 1]	0
[39, 40]	[366, 6, 1, 0]	[367, 7, 1]	0
[39, 40]	[367, 7, 1, 0]	[368, 8, 1]	0
[39, 40]	[368, 8, 1, 0]	[369, 9, 1]	0
[39, 40]	[369, 9, 1, 0]	[370, 10, 1]	0

[41]	[]	[371, 1, 126]	0
[41]	[371, 1, 126, 0]	[372, 2, 1]	0
[41]	[372, 2, 1, 0]	[373, 3, 127]	0
[41]	[373, 3, 127, 0]	[374, 4, 128]	0
[41]	[374, 4, 128, 0]	[375, 5, 7]	0
[41]	[375, 5, 7, 0]	[376, 6, 80]	0
[41]	[376, 6, 80, 0]	[377, 7, 129]	0
[41]	[377, 7, 129, 0]	[46, 8, 120]	0
[41]	[46, 8, 120, 0]	[378, 9, 61]	0
[41]	[378, 9, 61, 0]	[379, 10, 1]	0
[41, 41]	[379, 10, 1, 0]	[371, 1, 126]	0
[41, 41]	[371, 1, 126, 0]	[372, 2, 1]	0
[41, 41]	[372, 2, 1, 0]	[373, 3, 127]	0
[41, 41]	[373, 3, 127, 0]	[374, 4, 128]	1
[41, 41]	[374, 4, 128, 1]	[375, 5, 7]	0
[41, 41]	[375, 5, 7, 0]	[376, 6, 80]	0
[41, 41]	[376, 6, 80, 0]	[377, 7, 129]	0
[41, 41]	[377, 7, 129, 0]	[46, 8, 120]	0
[41, 41]	[46, 8, 120, 0]	[378, 9, 61]	0
[41, 41]	[378, 9, 61, 0]	[379, 10, 1]	0

[13]	[]	[50, 1, 26]	1
[13]	[50, 1, 26, 1]	[51, 2, 1]	0
[13]	[51, 2, 1, 0]	[121, 3, 1]	0
[13]	[121, 3, 1, 0]	[105, 4, 45]	0
[13]	[105, 4, 45, 0]	[122, 5, 130]	0
[13]	[122, 5, 130, 0]	[46, 6, 23]	0
[13]	[46, 6, 23, 0]	[123, 7, 22]	0
[13]	[123, 7, 22, 0]	[57, 8, 28]	0
[13]	[57, 8, 28, 0]	[53, 9, 22]	0
[13]	[53, 9, 22, 0]	[124, 10, 44]	0
[13, 5]	[124, 10, 44, 0]	[50, 1, 26]	1
[13, 5]	[50, 1, 26, 1]	[51, 2, 1]	0
[13, 5]	[51, 2, 1, 0]	[52, 3, 1]	0
[13, 5]	[52, 3, 1, 0]	[53, 4, 22]	0
[13, 5]	[53, 4, 22, 0]	[54, 5, 1]	0
[13, 5]	[54, 5, 1, 0]	[46, 6, 23]	0
[13, 5]	[46, 6, 23, 0]	[56, 7, 27]	0
[13, 5]	[56, 7, 27, 0]	[55, 8, 20]	0
[13, 5]	[55, 8, 20, 0]	[380, 9, 1]	0
[13, 5]	[380, 9, 1, 0]	[57, 10, 28]	0

[31]	[]	[274, 1, 1]	1
[31]	[274, 1, 1, 1]	[275, 2, 75]	0
[31]	[275, 2, 75, 0]	[276, 3, 75]	0
[31]	[276, 3, 75, 0]	[277, 4, 101]	0
[31]	[277, 4, 101, 0]	[278, 5, 75]	0
[31]	[278, 5, 75, 0]	[279, 6, 1]	0
[31]	[279, 6, 1, 0]	[280, 7, 1]	0
[31]	[280, 7, 1, 0]	[281, 8, 29]	0
[31]	[281, 8, 29, 0]	[282, 9, 29]	0
[31]	[282, 9, 29, 0]	[283, 10, 75]	0
[31, 31]	[283, 10, 75, 0]	[274, 1, 1]	1
[31, 31]	[274, 1, 1, 1]	[275, 2, 75]	1
[31, 31]	[275, 2, 75, 1]	[276, 3, 75]	0
[31, 31]	[276, 3, 75, 0]	[277, 4, 101]	0
[31, 31]	[277, 4, 101, 0]	[278, 5, 75]	0
[31, 31]	[278, 5, 75, 0]	[279, 6, 1]	0
[31, 31]	[279, 6, 1, 0]	[280, 7, 1]	0
[31, 31]	[280, 7, 1, 0]	[281, 8, 7]	0
[31, 31]	[281, 8, 7, 0]	[282, 9, 7]	0
[31, 31]	[282, 9, 7, 0]	[283, 10, 75]	0

[42]	[]	[381, 1, 1]	0
[42]	[381, 1, 1, 0]	[382, 2, 1]	0
[42]	[382, 2, 1, 0]	[383, 3, 1]	0
[42]	[383, 3, 1, 0]	[384, 4, 1]	0
[42]	[384, 4, 1, 0]	[385, 5, 1]	0
[42]	[385, 5, 1, 0]	[386, 6, 131]	0
[42]	[386, 6, 131, 0]	[387, 7, 1]	0
[42]	[387, 7, 1, 0]	[388, 8, 7]	0
[42]	[388, 8, 7, 0]	[389, 9, 132]	0
[42]	[389, 9, 132, 0]	[390, 10, 49]	0
[42, 42]	[390, 10, 49, 0]	[381, 1, 1]	1
[42, 42]	[381, 1, 1, 1]	[382, 2, 1]	1
[42, 42]	[382, 2, 1, 1]	[383, 3, 1]	0
[42, 42]	[383, 3, 1, 0]	[384, 4, 1]	0
[42, 42]	[384, 4, 1, 0]	[385, 5, 1]	0
[42, 42]	[385, 5, 1, 0]	[386, 6, 131]	0
[42, 42]	[386, 6, 131, 0]	[387, 7, 1]	0
[42, 42]	[387, 7, 1, 0]	[388, 8, 7]	0
[42, 42]	[388, 8, 7, 0]	[389, 9, 132]	0
[42, 42]	[389, 9, 132, 0]	[390, 10, 49]	0

[43]	[]	[391, 1, 74]	0
[43]	[391, 1, 74, 0]	[392, 2, 133]	0
[43]	[392, 2, 133, 0]	[393, 3, 1]	0
[43]	[393, 3, 1, 0]	[394, 4, 134]	0
[43]	[394, 4, 134, 0]	[395, 5, 52]	0
[43]	[395, 5, 52, 0]	[396, 6, 1]	0
[43]	[396, 6, 1, 0]	[397, 7, 7]	0
[43]	[397, 7, 7, 0]	[398, 8, 1]	0
[43]	[398, 8, 1, 0]	[399, 9, 1]	0
[43]	[399, 9, 1, 0]	[400, 10, 135]	0
[43, 44]	[400, 10, 135, 0]	[397, 1, 7]	0
[43, 44]	[397, 1, 7, 0]	[399, 2, 1]	0
[43, 44]	[399, 2, 1, 0]	[401, 3, 136]	0
[43, 44]	[401, 3, 136, 0]	[391, 4, 74]	1
[43, 44]	[391, 4, 74, 1]	[402, 5, 7]	0
[43, 44]	[402, 5, 7, 0]	[403, 6, 74]	1
[43, 44]	[403, 6, 74, 1]	[404, 7, 9]	0
[43, 44]	[404, 7, 9, 0]	[405, 8, 1]	0
[43, 44]	[405, 8, 1, 0]	[398, 9, 1]	0
[43, 44]	[398, 9, 1, 0]	[406, 10, 135]	0

[45]	[]	[407, 1, 131]	0
[45]	[407, 1, 131, 0]	[408, 2, 29]	0
[45]	[408, 2, 29, 0]	[409, 3, 49]	0
[45]	[409, 3, 49, 0]	[410, 4, 1]	0
[45]	[410, 4, 1, 0]	[411, 5, 137]	0
[45]	[411, 5, 137, 0]	[412, 6, 1]	0
[45]	[412, 6, 1, 0]	[413, 7, 20]	0
[45]	[413, 7, 20, 0]	[414, 8, 1]	0
[45]	[414, 8, 1, 0]	[415, 9, 74]	0
[45]	[415, 9, 74, 0]	[416, 10, 1]	0
[45, 45]	[416, 10, 1, 0]	[407, 1, 131]	1
[45, 45]	[407, 1, 131, 1]	[408, 2, 7]	0
[45, 45]	[408, 2, 7, 0]	[409, 3, 49]	0
[45, 45]	[409, 3, 49, 0]	[410, 4, 1]	0
[45, 45]	[410, 4, 1, 0]	[411, 5, 137]	0
[45, 45]	[411, 5, 137, 0]	[412, 6, 1]	0
[45, 45]	[412, 6, 1, 0]	[413, 7, 20]	0
[45, 45]	[413, 7, 20, 0]	[414, 8, 1]	0
[45, 45]	[414, 8, 1, 0]	[415, 9, 74]	0
[45, 45]	[415, 9, 74, 0]	[416, 10, 1]	0

[46]	[]	[417, 1, 138]	1
[46]	[417, 1, 138, 1]	[418, 2, 139]	1
[46]	[418, 2, 139, 1]	[419, 3, 43]	0
[46]	[419, 3, 43, 0]	[420, 4, 1]	0
[46]	[420, 4, 1, 0]	[421, 5, 1]	0
[46]	[421, 5, 1, 0]	[46, 6, 23]	0
[46]	[46, 6, 23, 0]	[422, 7, 1]	0
[46]	[422, 7, 1, 0]	[423, 8, 7]	0
[46]	[423, 8, 7, 0]	[424, 9, 140]	0
[46]	[424, 9, 140, 0]	[425, 10, 85]	0
[46, 47]	[425, 10, 85, 0]	[426, 1, 1]	1
[46, 47]	[426, 1, 1, 1]	[420, 2, 1]	0
[46, 47]	[420, 2, 1, 0]	[427, 3, 1]	0
[46, 47]	[427, 3, 1, 0]	[428, 4, 26]	0
[46, 47]	[428, 4, 26, 0]	[429, 5, 1]	0
[46, 47]	[429, 5, 1, 0]	[430, 6, 141]	0
[46, 47]	[430, 6, 141, 0]	[431, 7, 1]	0
[46, 47]	[431, 7, 1, 0]	[432, 8, 1]	0
[46, 47]	[432, 8, 1, 0]	[433, 9, 1]	0
[46, 47]	[433, 9, 1, 0]	[422, 10, 1]	0

[48]	[]	[434, 1, 142]	1
[48]	[434, 1, 142, 1]	[435, 2, 143]	0
[48]	[435, 2, 143, 0]	[436, 3, 124]	0
[48]	[436, 3, 124, 0]	[437, 4, 144]	0
[48]	[437, 4, 144, 0]	[438, 5, 145]	0
[48]	[438, 5, 145, 0]	[439, 6, 124]	0
[48]	[439, 6, 124, 0]	[46, 7, 146]	0
[48]	[46, 7, 146, 0]	[440, 8, 57]	0
[48]	[440, 8, 57, 0]	[441, 9, 124]	0
[48]	[441, 9, 124, 0]	[442, 10, 124]	0
[48, 49]	[442, 10, 124, 0]	[443, 1, 147]	1
[48, 49]	[443, 1, 147, 1]	[444, 2, 26]	0
[48, 49]	[444, 2, 26, 0]	[445, 3, 1]	0
[48, 49]	[445, 3, 1, 0]	[446, 4, 148]	0
[48, 49]	[446, 4, 148, 0]	[447, 5, 56]	0
[48, 49]	[447, 5, 56, 0]	[448, 6, 1]	0
[48, 49]	[448, 6, 1, 0]	[46, 7, 149]	0
[48, 49]	[46, 7, 149, 0]	[449, 8, 150]	0
[48, 49]	[449, 8, 150, 0]	[450, 9, 1]	0
[48, 49]	[450, 9, 1, 0]	[451, 10, 74]	0

[50]	[]	[452, 1, 7]	0
[50]	[452, 1, 7, 0]	[453, 2, 74]	0
[50]	[453, 2, 74, 0]	[454, 3, 127]	0
[50]	[454, 3, 127, 0]	[455, 4, 151]	0
[50]	[455, 4, 151, 0]	[456, 5, 1]	0
[50]	[456, 5, 1, 0]	[457, 6, 1]	0
[50]	[457, 6, 1, 0]	[458, 7, 74]	0
[50]	[458, 7, 74, 0]	[459, 8, 75]	0
[50]	[459, 8, 75, 0]	[460, 9, 75]	0
[50]	[460, 9, 75, 0]	[461, 10, 7]	0
[50, 50]	[461, 10, 7, 0]	[452, 1, 7]	1
[50, 50]	[452, 1, 7, 1]	[453, 2, 74]	0
[50, 50]	[453, 2, 74, 0]	[454, 3, 127]	0
[50, 50]	[454, 3, 127, 0]	[455, 4, 151]	0
[50, 50]	[455, 4, 151, 0]	[456, 5, 1]	0
[50, 50]	[456, 5, 1, 0]	[457, 6, 1]	0
[50, 50]	[457, 6, 1, 0]	[458, 7, 74]	0
[50, 50]	[458, 7, 74, 0]	[459, 8, 75]	0
[50, 50]	[459, 8, 75, 0]	[460, 9, 75]	0
[50, 50]	[460, 9, 75, 0]	[461, 10, 7]	0

[51]	[]	[462, 1, 49]	0
[51]	[462, 1, 49, 0]	[463, 2, 1]	0
[51]	[463, 2, 1, 0]	[464, 3, 98]	0
[51]	[464, 3, 98, 0]	[465, 4, 1]	0
[51]	[465, 4, 1, 0]	[466, 5, 7]	0
[51]	[466, 5, 7, 0]	[46, 6, 78]	0
[51]	[46, 6, 78, 0]	[467, 7, 1]	0
[51]	[467, 7, 1, 0]	[468, 8, 1]	0
[51]	[468, 8, 1, 0]	[469, 9, 51]	0
[51]	[469, 9, 51, 0]	[470, 10, 1]	0
[51, 52]	[470, 10, 1, 0]	[471, 1, 1]	1
[51, 52]	[471, 1, 1, 1]	[472, 2, 13]	0
[51, 52]	[472, 2, 13, 0]	[473, 3, 152]	0
[51, 52]	[473, 3, 152, 0]	[474, 4, 57]	0
[51, 52]	[474, 4, 57, 0]	[475, 5, 1]	0
[51, 52]	[475, 5, 1, 0]	[476, 6, 1]	0
[51, 52]	[476, 6, 1, 0]	[477, 7, 14]	0
[51, 52]	[477, 7, 14, 0]	[478, 8, 1]	0
[51, 52]	[478, 8, 1, 0]	[479, 9, 1]	0
[51, 52]	[479, 9, 1, 0]	[480, 10, 1]	0

[53]	[]	[481, 1, 102]	1
[53]	[481, 1, 102, 1]	[482, 2, 69]	0
[53]	[482, 2, 69, 0]	[483, 3, 153]	0
[53]	[483, 3, 153, 0]	[484, 4, 154]	0
[53]	[484, 4, 154, 0]	[485, 5, 155]	0
[53]	[485, 5, 155, 0]	[486, 6, 156]	0
[53]	[486, 6, 156, 0]	[46, 7, 157]	0
[53]	[46, 7, 157, 0]	[50, 8, 158]	0
[53]	[50, 8, 158, 0]	[487, 9, 159]	0
[53]	[487, 9, 159, 0]	[46, 10, 160]	0
[53, 54]	[46, 10, 160, 0]	[488, 1, 1]	1
[53, 54]	[488, 1, 1, 1]	[489, 2, 1]	0
[53, 54]	[489, 2, 1, 0]	[490, 3, 131]	1
[53, 54]	[490, 3, 131, 1]	[491, 4, 1]	0
[53, 54]	[491, 4, 1, 0]	[492, 5, 29]	0
[53, 54]	[492, 5, 29, 0]	[493, 6, 161]	0
[53, 54]	[493, 6, 161, 0]	[494, 7, 1]	0
[53, 54]	[494, 7, 1, 0]	[495, 8, 70]	0
[53, 54]	[495, 8, 70, 0]	[496, 9, 1]	0
[53, 54]	[496, 9, 1, 0]	[497, 10, 29]	0

[55]	[]	[498, 1, 20]	0
[55]	[498, 1, 20, 0]	[499, 2, 1]	1
[55]	[499, 2, 1, 1]	[500, 3, 20]	0
[55]	[500, 3, 20, 0]	[501, 4, 1]	0
[55]	[501, 4, 1, 0]	[502, 5, 1]	0
[55]	[502, 5, 1, 0]	[503, 6, 1]	0
[55]	[503, 6, 1, 0]	[504, 7, 1]	0
[55]	[504, 7, 1, 0]	[505, 8, 1]	0
[55]	[505, 8, 1, 0]	[502, 9, 1]	0
[55]	[502, 9, 1, 0]	[503, 10, 1]	0
[55, 56]	[503, 10, 1, 0]	[506, 1, 20]	1
[55, 56]	[506, 1, 20, 1]	[507, 2, 1]	0
[55, 56]	[507, 2, 1, 0]	[508, 3, 20]	0
[55, 56]	[508, 3, 20, 0]	[509, 4, 1]	0
[55, 56]	[509, 4, 1, 0]	[510, 5, 1]	0
[55, 56]	[510, 5, 1, 0]	[511, 6, 1]	0
[55, 56]	[511, 6, 1, 0]	[512, 7, 1]	0
[55, 56]	[512, 7, 1, 0]	[513, 8, 1]	0
[55, 56]	[513, 8, 1, 0]	[514, 9, 1]	0
[55, 56]	[514, 9, 1, 0]	[515, 10, 1]	0

[57]	[]	[516, 1, 162]	0
[57]	[516, 1, 162, 0]	[517, 2, 163]	0
[57]	[517, 2, 163, 0]	[518, 3, 50]	0
[57]	[518, 3, 50, 0]	[519, 4, 1]	0
[57]	[519, 4, 1, 0]	[520, 5, 164]	0
[57]	[520, 5, 164, 0]	[521, 6, 1]	0
[57]	[521, 6, 1, 0]	[522, 7, 1]	0
[57]	[522, 7, 1, 0]	[523, 8, 87]	0
[57]	[523, 8, 87, 0]	[524, 9, 165]	0
[57]	[524, 9, 165, 0]	[525, 10, 166]	0
[57, 58]	[525, 10, 166, 0]	[526, 1, 1]	1
[57, 58]	[526, 1, 1, 1]	[527, 2, 167]	0
[57, 58]	[527, 2, 167, 0]	[528, 3, 168]	0
[57, 58]	[528, 3, 168, 0]	[529, 4, 169]	0
[57, 58]	[529, 4, 169, 0]	[530, 5, 169]	0
[57, 58]	[530, 5, 169, 0]	[531, 6, 31]	0
[57, 58]	[531, 6, 31, 0]	[532, 7, 7]	0
[57, 58]	[532, 7, 7, 0]	[533, 8, 9]	0
[57, 58]	[533, 8, 9, 0]	[534, 9, 169]	0
[57, 58]	[534, 9, 169, 0]	[535, 10, 1]	0

[59]	[]	[481, 1, 102]	0
[59]	[481, 1, 102, 0]	[482, 2, 5]	0
[59]	[482, 2, 5, 0]	[483, 3, 153]	0
[59]	[483, 3, 153, 0]	[484, 4, 154]	0
[59]	[484, 4, 154, 0]	[485, 5, 155]	0
[59]	[485, 5, 155, 0]	[486, 6, 156]	0
[59]	[486, 6, 156, 0]	[46, 7, 170]	0
[59]	[46, 7, 170, 0]	[50, 8, 171]	0
[59]	[50, 8, 171, 0]	[487, 9, 159]	0
[59]	[487, 9, 159, 0]	[46, 10, 172]	0
[59, 13]	[46, 10, 172, 0]	[50, 1, 26]	1
[59, 13]	[50, 1, 26, 1]	[51, 2, 1]	0
[59, 13]	[51, 2, 1, 0]	[121, 3, 1]	0
[59, 13]	[121, 3, 1, 0]	[105, 4, 45]	0
[59, 13]	[105, 4, 45, 0]	[122, 5, 130]	0
[59, 13]	[122, 5, 130, 0]	[46, 6, 23]	0
[59, 13]	[46, 6, 23, 0]	[123, 7, 22]	0
[59, 13]	[123, 7, 22, 0]	[57, 8, 28]	0
[59, 13]	[57, 8, 28, 0]	[124, 9, 44]	0
[59, 13]	[124, 9, 44, 0]	[53, 10, 22]	0

[60]	[]	[536, 1, 173]	0
[60]	[536, 1, 173, 0]	[537, 2, 69]	0
[60]	[537, 2, 69, 0]	[538, 3, 1]	0
[60]	[538, 3, 1, 0]	[539, 4, 7]	0
[60]	[539, 4, 7, 0]	[540, 5, 7]	0
[60]	[540, 5, 7, 0]	[46, 6, 55]	0
[60]	[46, 6, 55, 0]	[541, 7, 1]	0
[60]	[541, 7, 1, 0]	[542, 8, 29]	0
[60]	[542, 8, 29, 0]	[543, 9, 1]	0
[60]	[543, 9, 1, 0]	[544, 10, 1]	0
[60, 61]	[544, 10, 1, 0]	[545, 1, 69]	0
[60, 61]	[545, 1, 69, 0]	[546, 2, 1]	0
[60, 61]	[546, 2, 1, 0]	[547, 3, 7]	0
[60, 61]	[547, 3, 7, 0]	[548, 4, 1]	0
[60, 61]	[548, 4, 1, 0]	[549, 5, 1]	0
[60, 61]	[549, 5, 1, 0]	[46, 6, 55]	0
[60, 61]	[46, 6, 55, 0]	[550, 7, 1]	0
[60, 61]	[550, 7, 1, 0]	[551, 8, 1]	0
[60, 61]	[551, 8, 1, 0]	[552, 9, 49]	0
[60, 61]	[552, 9, 49, 0]	[553, 10, 61]	0
[60, 61, 62]	[553, 10, 61, 0]	[554, 1, 1]	1
[60, 61, 62]	[554, 1, 1, 1]	[555, 2, 174]	0
[60, 61, 62]	[555, 2, 174, 0]	[556, 3, 7]	0
[60, 61, 62]	[556, 3, 7, 0]	[557, 4, 1]	0
[60, 61, 62]	[557, 4, 1, 0]	[558, 5, 1]	0
[60, 61, 62]	[558, 5, 1, 0]	[559, 6, 1]	0
[60, 61, 62]	[559, 6, 1, 0]	[560, 7, 7]	0
[60, 61, 62]	[560, 7, 7, 0]	[561, 8, 1]	0
[60, 61, 62]	[561, 8, 1, 0]	[562, 9, 1]	0
[60, 61, 62]	[562, 9, 1, 0]	[563, 10, 1]	0

